[confocal.tif]
filters=finetune2=1,0.391813,0.087018,0.000000,00000000,0.906433;
moddate=351ddb5140d7d601
width=640
height=640
textactive=0
